0.008278881761822898	-0.022503071558363397	0
-0.08636187944670715	-0.9040393235852873	1
0.3491425756278088	0.4928803934064858	1
0.23266370348330545	0.6595844649351821	1
0.10066811210567916	-0.9627836275283665	0
0.12520657298300586	0.14614742579344742	1
0.7673990928589012	-0.025494807409134568	0
0.6131098611182146	0.5847897895849143	1
0.0828407171010821	0.9808814889955293	1
-0.9106859621603176	-0.16629067885961968	1
0.750367626211756	0.3597320004507947	1
-0.764345362007187	0.5135517877596489	0
-0.8090122247769318	-0.38835271487821577	1
0.9958519214771426	0.4572903607621759	1
-0.3063616988810991	0.7409166726901757	0
-0.12004381440074163	0.33397013405718945	0
0.6564718270572236	0.46265306381190263	1
-0.7088672901716988	0.1149682317017533	0
-0.49939976002218067	0.15145433078818615	0
-0.9783639705765512	0.13594252050831357	0
0.43930323433851326	-0.9723406638486516	0
0.5369097709137285	-0.337355542368331	0
0.3856907623141055	-0.08298416820923338	0
0.41675817776655877	-0.47488619061221304	0
0.10205411809068043	-0.6432846353831221	0
0.6248581426976301	-0.14140101114040138	0
-0.40688282248137964	-0.7655381119106133	1
0.7709712161797022	0.06928972142239354	1
-0.05405288613002224	-0.38961287413688317	1
0.9504049606848635	0.0032726119421642164	1
0.6894469570351018	0.08646413288792076	1
-0.28029715984896586	-0.9053683214786843	1
-0.821330813494348	0.8688264213202865	0
-0.9209159812067818	0.4219162157741614	0
-0.7986140018475221	0.6282780255983069	0
-0.3776024958510469	-0.18597894993559128	1
-0.7866856573397158	0.7013305214464467	0
0.2990526722321203	-0.6549108409285784	0
-0.1331051756064301	0.6196328069954471	0
-0.5844464150889064	0.4791156523402298	0
-0.16175749671976236	-0.975802154294892	1
-0.11933851555997088	-0.36918281809346976	1
0.7865166412092615	0.6102820755512497	1
-0.7117118077112798	-0.23520539636278204	1
0.6383641246807739	0.7957886299563999	1
0.5130520619204533	-0.4946242502086933	0
-0.898379722718702	-0.04402149347256268	1
-0.3404174738292107	-0.5454404509740334	1
0.11911060043332622	0.9919871992162128	1
-0.9941578542527458	-0.6515206976162391	1
-0.0321879150355473	-0.29262143533893603	1
0.8704778660350092	-0.7765848055903413	0
0.6733589966496738	0.7064758639323323	1
0.922191310982003	-0.40633973206533014	0
0.2726983438346169	-0.4896584766294152	0
0.441665788844507	-0.9983095316171571	0
-0.8569798566651174	0.18837960709327128	0
-0.053412841448201576	-0.47092376406646963	1
0.33314286677656146	0.9668191968419328	1
0.6928531225836965	0.6705018982115547	1
-0.09975843403056017	-0.44437937522114757	1
0.2507606684450263	0.4987789077328275	1
-0.9750581676549239	0.4782475334781804	0
0.17680829455407365	0.08301503920897235	1
0.9548698182809996	-0.6499923944058794	0
0.26024239987758047	-0.10222706271370074	0
-0.780252160440267	0.19995351402388972	0
0.8973645891625417	0.13692520400054176	1
0.957787509106655	-0.5331888911558018	0
0.016415610409522552	-0.10316972620778198	0
0.8016194166398054	-0.5211558258612876	0
-0.9511780406260237	0.15023289189681344	0
-0.224621296669548	0.5751420088269628	0
-0.9186181896402403	0.9845302697797351	0
0.8763803690598204	-0.3043293415443249	0
-0.9332770973177493	0.8481613348326116	0
0.3374916612227037	-0.9382846244109819	0
0.7221162838307296	-0.714043206672639	0
-0.9526286412570142	-0.30198949572011413	1
-0.9679107932915156	-0.5804780112662582	1
0.9648901353239272	0.8187426157752125	1
-0.1544831197154597	-0.10663174188062996	1
0.17318569122110894	-0.5368249026863208	0
-0.9146339839618007	-0.6594044682617812	1
-0.5159408865796007	-0.15260831233451544	1
0.021594672613194144	-0.3398160724228907	0
-0.2200202941496865	-0.7017136161938065	1
-0.47378914701593944	-0.832536417847823	1
0.2838980493736849	0.24206020772904124	1
0.5135847072215329	0.1449767362114509	1
-0.0786669122745014	-0.2833147804560763	1
-0.6958836118789526	0.08392786056589197	0
0.5737522079060644	-0.9424553436631902	0
0.743234764006151	-0.9569834255027647	0
-0.5446722853939403	0.7349664485365044	0
0.20939836090837893	-0.14200640628292005	0
-0.8059817450298477	0.16532523965455415	0
-0.1423450434374922	0.7334121748514764	0
0.16382968208559578	-0.7459055194737649	0
0.6431001502879692	-0.25464856769109345	0
0.6693554695172566	0.8059873193334315	1
-0.37412771261958233	0.8864581503595022	0
-0.8939272371190965	0.843037424547926	0
-0.7193465922152813	0.6898707626872178	0
0.7406362568305962	-0.933200295518418	0
0.5598725915169298	0.7404747784580505	1
-0.6996968463594202	-0.5693544123726246	1
-0.6120536232487659	-0.5565885738379066	1
-0.10082797320078374	-0.04415323432611573	1
-0.9980123179566169	0.6236431439080492	0
-0.045788414912267816	0.20928863531222186	0
0.16805828151172975	-0.47693405431143643	0
0.07586649680994717	-0.807163553354528	0
-0.5918790045111519	0.34659857622209045	0
-0.9377441054193825	0.5931827002933387	0
-0.49889841689678605	-0.3812492325173986	1
-0.8901681866114	-0.18601095856545524	1
0.47546784147849985	-0.6542091743516902	0
0.4891988760773427	0.6239642912141861	1
-0.11798783743348706	0.7135701241172061	0
-0.556390897625652	-0.9859421375274795	1
-0.8266668457177853	-0.48427669737475254	1
-0.6766586870650833	-0.5212180656464251	1
0.4043840516251427	0.4218980261664007	1
-0.03951194307491157	0.2640665326653864	0
-0.43458154659303916	0.17273139704424167	0
0.6603783930546734	-0.3147528424319157	0
0.8489701281725863	-0.5695072674481778	0
0.013689840429383926	-0.5342552218024783	0
0.2821071833782207	-0.25734073321959405	0
-0.38669441694398854	-0.912412089206948	1
0.8709605471223294	-0.4180522023484947	0
-0.07100855191778499	0.6362047042880632	0
-0.4504919291282181	0.7470258962161211	0
-0.2173790753061433	0.06855262225365322	0
0.18100124591073863	-0.4993893494071955	0
-0.08849781385239308	-0.4831444318339537	1
-0.3603309722951302	-0.1209772923128205	1
0.34839087659582924	-0.6287710556040389	0
0.2191016614871093	-0.7053005430257633	0
0.3960069946322846	-0.5166807065240491	0
0.3325356658548282	0.39660448224303546	1
0.9189853959979077	-0.954599453983707	0
-0.08322525356968824	-0.6716713419198126	1
-0.6530793785034359	-0.15170581137279715	1
0.12406043745831807	-0.4538390939446171	0
-0.30290988332968327	-0.8639550401895899	1
0.37514449127900984	-0.36728951892790396	0
0.17002904110272543	-0.6172050599881522	0
-0.8515243571534865	-0.09128109771521853	1
-0.734221888178684	0.10364035725791143	0
-0.7075533483906089	0.394335975767766	0
-0.45276437748623244	-0.7308661272384998	1
-0.021960080717730923	-0.01211135560892207	1
-0.3284566834752616	0.6881765645070204	0
0.44771919921044945	-0.3133099609644112	0
-0.5908834509799366	0.9250031500714699	0
-0.9345890204988778	-0.7694688235794087	1
0.182561921241714	-0.6280255057703537	0
0.5639929752058401	0.3311361781163964	1
0.5516952106839379	0.7497055032767181	1
0.7190728586017356	-0.1362391953723352	0
-0.6749422808700429	0.866785034284532	0
0.2359139092935929	-0.6570981796145747	0
-0.3421656464795426	-0.6055191791979957	1
0.7702296423938892	0.3506361989958915	1
0.8542981409488792	-0.33256386107131264	0
0.9727890369510568	-0.12949373711109913	0
-0.35832677831081394	0.5408571845716321	0
-0.9821570895301979	0.17555640593800592	0
0.8554065069437362	-0.6246852510592751	0
0.4472502554487243	-0.8197206414558473	0
-0.6207807424162766	-0.42475518634808984	1
-0.31037439300768477	0.4402523906120428	0
0.810481685206925	-0.562728064476345	0
-0.8615586720855681	0.04641790395650358	0
0.3367329685948264	-0.5201933920508546	0
-0.853128188209259	-0.5798027642476731	1
0.5103476512906602	-0.20042746581028204	0
-0.8119933731384954	-0.5300342490397891	1
0.20869508805558645	0.11630384860990062	1
0.40298058611169196	-0.6411162051873982	0
-0.6146451553520444	-0.5541657342581279	1
0.13370445884427173	0.4127238694754829	1
0.2663088872351964	0.8945942256695716	1
-0.5051091987838701	0.5661363284827416	0
-0.6537155347140282	-0.32811613112485527	1
-0.8237253807435034	0.8731678197293413	0
0.02372786482509537	0.24675666703171206	1
-0.7875865558313724	0.42514522125789855	0
-0.26891709954607723	0.36224738735813533	0
-0.6744181216201572	-0.19491867761752824	1
0.16070678344353628	-0.4993214953404461	0
0.49865656519244106	-0.027947675243032988	0
-0.9391049495753636	0.10033548202499265	0
0.6416749484693132	0.9770641163658813	1
0.6681239659512992	0.36258430832464117	1
0.04646568243241345	0.45344104710077393	1
0.41746960190743865	-0.09458636812168297	0
0.3597522377596727	0.602792446436325	1
-0.7773125607433928	-0.9985907214451701	1
-0.9226488753312512	-0.7129005702612556	1
-0.7635362319179888	-0.11601341347923988	1
0.05912917255290928	0.10175200937065121	1
-0.2171322610649904	-0.42894748052080134	1
-0.683942957415808	0.27474222284368355	0
-0.5737298802196076	-0.5392547411299498	1
-0.6204743604955707	-0.03131602974618075	1
0.23657584040942958	0.2760228515963057	1
0.3432778135394927	-0.3922038081684538	0
-0.6721007330915494	0.9218290955036776	0
0.3421020605718408	-0.027732065705392994	0
0.26668490968268665	0.2828952598215708	1
0.9524229202014676	0.46801770496323747	1
0.37601035377744885	0.15846603649083768	1
-0.12049604228750388	-0.4293993398068652	1
0.2375700515123642	-0.15762648130420498	0
0.42884348984556	-0.003567312047088267	0
0.7256864605319979	-0.7460412828949434	0
0.9689366271621149	-0.4384398182789926	0
-0.872202882457433	0.1634062976015047	0
0.8076050825172978	-0.4376214414732822	0
-0.21692055358976914	0.23291328085465968	0
0.2266148743789007	-0.5776237666345005	0
-0.9676679713629697	-0.5125015093566925	1
0.15789624148214476	0.4938511097514313	1
-0.27581966072317843	-0.5963717731853144	1
-0.9354068839797867	0.028809892888110866	0
0.822626728167364	-0.5287448280030034	0
-0.363756455649636	-0.5042255787082872	1
0.9743290484258871	-0.649777830567938	0
0.4980039739577309	0.42047535509853695	1
-0.6051207813892208	-0.46875215534289016	1
-0.4323252463278653	0.8908290780590118	0
-0.8056685248668554	0.5687239389070047	0
0.20299024912236963	0.9728623987907252	1
0.3488437803083648	0.27682679349558503	1
-0.8062350649931895	-0.615946661928501	1
0.7476957833560929	0.4563410192663091	1
-0.25154314473627437	-0.1995050608942539	1
-0.8388134347119349	-0.12497667658336997	1
0.3651430253333099	-0.5556925959073682	0
0.9233055179017571	0.9424161008113312	1
-0.9481496766262802	0.7876589893427446	0
-0.13848522122240436	0.9743061368621566	0
-0.868785058380692	-0.2718355669135306	1
0.16532924802131554	-0.24629007076021958	0
-0.9701222214179492	0.8730837462288004	0
-0.35274646431118106	-0.303627736854458	1
0.8687509045555262	-0.6233268772530787	0
-0.5997793282687622	0.717014921892374	0
0.02679742802312024	-0.9740576868939601	0
-0.9569810461988077	-0.5494146280950756	1
-0.9468034273695112	0.08464282014439406	0
0.6463474666164706	-0.9230762378477437	0
-0.744162400896079	0.005960390913164693	0
-0.09971260312725905	-0.61414482605278	1
0.09114417521931584	0.4728272828015023	1
-0.6914569983923695	0.23089639150177055	0
-0.1964388360708662	0.6214887772857491	0
0.697109948979538	0.7713754825449424	1
-0.8698541785087524	-0.6307975741677487	1
0.35303512237547086	0.5465459217230568	1
-0.8673426942919902	-0.8849128245751863	1
-0.48416876859548674	-0.47245106078499854	1
0.6334506816250671	-0.6089338196303657	0
0.00945005733217874	0.8927134798207363	1
-0.6673888249933517	-0.8123374208232184	1
-0.062339629290506515	0.02676831060217255	0
-0.5843028101850356	0.5269693154488515	0
0.10398816478460082	0.839710023329914	1
-0.9666881516020644	0.4268325104825055	0
0.849606949212357	0.6001889347275382	1
-0.6171899501950044	0.28201904694982693	0
-0.12574892103154167	-0.5212511370699697	1
0.31529976260240744	-0.19724479167189424	0
0.5383093519960547	0.16016573858938288	1
0.7830934340434317	-0.9013527431899662	0
-0.8796873416276101	-0.8774624239670479	1
0.005420430860040737	-0.6980681264305106	0
-0.21940779683296507	-0.09282473496041388	1
-0.9665229884850641	0.28358420091755576	0
0.998100852155076	0.8234485172878598	1
0.36758656289829905	-0.9389677799640115	0
0.2357322679552265	0.041614290643938956	1
-0.2115425078426345	0.24681268527403755	0
-0.6479861819308212	0.24078198823039454	0
0.501660564473267	-0.539702449494385	0
0.09064968710895216	-0.41864228774496204	0
0.9742477230553803	-0.3429221919044163	0
0.6501602434393225	0.8201033485526787	1
-0.7272751814782505	0.7210456403847241	0
0.331990640438808	-0.2555823293015558	0
0.5143203016148299	-0.2812917334309186	0
0.5723033812755556	0.3929480018690592	1
0.3361299478157598	-0.1607432611381321	0
0.6746589710436846	0.4535081677592714	1
-0.02834673134172272	0.6828488879482117	0
-0.8708037083669795	-0.36233004010621217	1
0.1679459214730259	0.3558924370254346	1
-0.3720860776533179	0.07447446807353342	0
0.9139540520735687	-0.7377824308261547	0
-0.196225582499856	-0.14623098495913012	1
0.0037518580027404713	-0.7704563306216357	0
0.367186585914103	0.6461442029282802	1
-0.3398034178609861	0.3578327020092493	0
0.766569793850439	-0.6915669137107816	0
-0.3697567014429606	-0.8171264588915972	1
0.6246757933273499	0.6666116215787365	1
0.48607798998073415	0.9347784529996901	1
0.3844057164692556	0.8621634121577852	1
-0.6714208331002336	-0.10998259684471035	1
-0.22386939517477678	0.2294561622031206	0
-0.6519169382183223	-0.5313675307150016	1
0.7535831706544924	-0.5367706763123854	0
-0.6182720472250154	0.6103657709562389	0
0.36498193618333574	0.7515072846047517	1
0.6764856683032152	-0.07765668892018907	0
0.7646471247638851	-0.3257729882585114	0
0.024826724956266366	-0.9652570363149944	0
0.3796994260355333	-0.5494329051192248	0
-0.7276617560738496	-0.4999032972510977	1
0.6538012342545285	-0.2874194275340147	0
0.8005564305960862	-0.29792526543941666	0
0.017356236471263387	-0.6536485264722247	0
-0.15521203247015802	-0.3354862306526911	1
-0.1744431550765546	-0.9546043039428149	1
-0.07691658891159814	-0.5205462352230865	1
-0.261683914763313	0.16237940649740779	0
-0.6667789009593132	-0.8452013618388707	1
-0.8315951907256933	0.4309370955678433	0
0.12859385502857346	-0.22143110559969537	0
-0.31437976077251073	-0.42638631889140255	1
0.5442781716862706	0.7147619595505428	1
0.5438573336485182	-0.2764298914117642	0
-0.5888855596646914	0.3468261620825175	0
0.6074892527665423	0.6422018478899896	1
-0.8621940884996335	0.491006672354088	0
0.7221083729189159	0.9908669621857746	1
0.9794483200609301	0.6443303358160402	1
-0.3028793160197527	-0.7581735965863257	1
-0.7671739792812298	-0.10561048475533164	1
0.4366573451102509	0.0006964621319431874	1
-0.760887864829022	-0.10313871260614782	1
-0.5231871704837168	0.034561486020467935	0
-0.05962880165069073	0.07485324846126207	0
-0.04271052000689757	-0.8713843237244874	1
0.33533697653034933	-0.6592419518131019	0
0.6685907875181676	0.5261852628823256	1
0.13588592962240154	-0.21957923652852873	0
-0.8631685438951049	0.4047180725923196	0
-0.5046914487475338	-0.6029991711546911	1
-0.46588944038187674	-0.9472407015516864	1
0.11267226097589678	0.25080948360450983	1
-0.5600154644329809	-0.903310290000219	1
-0.10173383073283149	0.2050429551963675	0
0.7271734532358338	0.046077561161187	1
0.6850844229084556	0.25743263957576734	1
0.01936030268385136	-0.39557258018108454	0
-0.7276389442473155	0.3199697693118886	0
-0.5403027378145524	0.5321951132995393	0
-0.8957855122849967	0.9480221584873938	0
0.5161669165964224	0.8980344223608592	1
-0.23746753128385234	-0.25454347490222684	1
0.3245475664815962	-0.5658884119162546	0
-0.8545519056604796	-0.880567334725455	1
0.23929026748904914	-0.20253709897293293	0
0.7932141403478707	-0.589036871541744	0
-0.40961902565024055	0.7969836369541905	0
-0.4074540272551286	0.1469080048600815	0
-0.25173749211550844	0.9718413413436269	0
-0.25289267075551813	-0.14668971143320575	1
-0.9661920102620691	0.3609724261240501	0
-0.2929801683878692	0.2009869245943241	0
0.6251052979149623	0.27547832560826757	1
0.9768959893558287	-0.6374154659806601	0
-0.8424283934952177	-0.8611111318524753	1
-0.148974237634097	-0.7607587539665905	1
0.8772983144841802	-0.5956903677122765	0
-0.33258492827409336	-0.6857986569888079	1
0.3063634563237949	0.079066191651332	1
0.8132673935798471	0.5449878964660888	1
0.23452056264905807	-0.7565715157992841	0
0.4116774789034696	-0.8240890748141287	0
-0.19111245068194194	-0.8937174457938133	1
0.8735163502226049	-0.013564785588900952	0
-0.9123337339726769	-0.29836274348411895	1
-0.7923996330683436	-0.37804253920495956	1
0.9837376760946706	-0.5228413854862397	0
0.5591668617155165	0.6919645354423583	1
-0.24779747045379752	-0.3733640918531518	1
-0.5868069386220627	0.6829895803736672	0
0.6180276821043578	0.9985554109859374	1
-0.606724339148299	-0.04922296395127934	1
0.790350639129366	0.5768219887828627	1
0.7527732015140987	-0.11484483410782742	0
0.9595672409017659	0.5104193423594765	1
0.023535974088030542	0.36130989691330595	1
-0.654567373656904	-0.6400113593086905	1
-0.2797337398980446	-0.010193013386679217	1
0.8356498826050953	-0.415639075945581	0
0.9759078155226435	-0.2958129733366479	0
-0.6796441143491707	-0.29458425447841075	1
0.3836397734096211	0.7348264239667324	1
-0.31333290744417375	-0.9800650366197985	1
0.8052835044014017	-0.021306346736153614	0
-0.4447367950929195	-0.1274526612324216	1
-0.45215419327852113	-0.37320750170320816	1
0.12174247510747027	0.01976007160756632	1
0.041570125116034085	0.6166972845874765	1
0.9132843336586642	-0.28354697566402387	0
-0.32702488717829636	0.10011823368561013	0
-0.5266157749839087	-0.8056090832991727	1
-0.4429078346480517	-0.1464577660115831	1
-0.06309598159183527	0.23130561257606708	0
0.7374757573807964	-0.49017290643205524	0
0.01757214654639916	-0.6194787694569304	0
-0.9342856450756083	0.9679316724676104	0
-0.11417562944173665	-0.06681055952106218	1
-0.47741021691299035	0.4337058214825331	0
0.6913786825457446	-0.755344993570993	0
-0.37297562849582366	0.012651897667643075	0
-0.40232846225147956	0.2823703436698157	0
0.6574995367935612	0.3636792391205854	1
0.04906156803057882	0.2441110925180554	1
-0.43882515526098276	-0.4994746691345051	1
-0.37626904408419315	0.6336901236111976	0
-0.4199474962672234	0.6638743367293722	0
0.2639425828397086	0.7438691961891593	1
-0.6633693169899324	-0.1864914956057	1
-0.6444138980981033	-0.4461786348646313	1
0.9722875113259752	-0.46067507499812055	0
-0.4422410740357894	0.4336845958936273	0
-0.5801419550480407	-0.40741586572709476	1
-0.5472844429877495	0.4986614510419154	0
-0.8777295962038201	-0.19867004739964056	1
-0.8499091366614573	-0.35663674726508954	1
-0.7421312976881382	0.9729756263410723	0
0.6342347289272379	0.11398851218596251	1
0.1646934670590363	0.14822436982241505	1
-0.7584632916296139	-0.7475280085907225	1
0.22809153558883621	-0.3671938664420069	0
-0.5856944575321694	-0.28338549303542004	1
0.741220108360936	0.7750149742106667	1
0.3966957359407439	-0.6364628468789593	0
0.5432573151230575	-0.6626427131569603	0
-0.9691121534823064	0.30892041785824387	0
-0.2437322968848772	0.09254002523435956	0
0.6516054845382682	-0.5389091353014097	0
0.27567908284649145	0.2922510708370667	1
0.3611367353029904	0.881282247565911	1
0.49534385095914124	0.53356496768364	1
-0.24741240305532575	-0.3155663578954975	1
0.9382330965930437	0.5103835263532226	1
-0.176847453192438	0.3171300354820279	0
-0.7534133939369625	-0.03792125759930709	1
-0.5219495109973764	0.9811053944783426	0
-0.19696366125606324	-0.36446436082082423	1
0.25616942400783915	0.21040408378480713	1
0.32090392107624144	-0.12152740911221938	0
0.3820380186852246	-0.9532356259457238	0
0.3733184194402772	0.15920868707841862	1
-0.9417376742969501	0.13144110181117807	0
0.28383881770327357	0.31057386358199834	1
-0.5133356119444463	-0.056705906159641106	1
-0.5700947772073335	-0.7663064158139301	1
0.2232357844781867	-0.8650040825301892	0
0.3156288320471705	-0.2375085325623778	0
0.7323788345065538	0.08795524616463557	1
0.5148570460137698	0.1670690952357734	1
-0.5883324124381957	-0.162109269273363	1
-0.7272160833677739	-0.012362881593213748	1
-0.9666002188688521	0.11761343910611388	0
0.6895797160855224	0.23844732967442628	1
0.08092785207440878	-0.045268348019583904	0
-0.16078564154945907	-0.47975809498384625	1
0.8620325552590962	-0.041210822123775026	0
-0.41355996469541245	-0.7027941762770009	1
0.9208429751960927	-0.8288703728615789	0
-0.6780419740463912	0.5723953966543305	0
-0.9749010456380847	-0.993697798925615	1
-0.38243683838220655	0.020477606950708882	0
-0.16772528131521502	-0.9365232272446335	1
0.46539770729611596	-0.5384030804504649	0
-0.4844571884947433	-0.4444721025056897	1
-0.2849803922468388	-0.8183158390751064	1
-0.5562967535247099	-0.6515845055927585	1
-0.4112291587948833	0.27297744208495067	0
-0.6520407232923564	0.029275400904538174	0
0.32585491545274126	0.4076961693357086	1
-0.1510914431169843	0.25191182864982653	0
-0.6117227774288916	0.06691661558972739	0
-0.9626333998927017	-0.6425574323817196	1
-0.08048930725849002	0.6536841326283858	0
-0.6123139071088401	-0.1289366274203827	1
0.885549595186208	0.9162078812730188	1
-0.03836142005245535	-0.32972629223955496	1
0.9359055618413614	0.7128922145049728	1
-0.7050650711740405	0.5742763692457129	0
0.024638538182523373	-0.1217264363738857	0
-0.9247418604867694	-0.3058341858451026	1
0.2654792245030382	0.6596848065779406	1
-0.6268664166239943	0.04497228229416739	0
-0.6657753810045024	0.2989220926312939	0
-0.762478547652081	0.6562121692415677	0
0.8535819138214591	0.9744421247846209	1
0.14847705180247228	0.3507762420775353	1
-0.5655126759719402	0.13885918487446003	0
-0.6376508748714222	0.4875029269635316	0
0.028144303705176066	0.8148242037612212	1
-0.47420799894337384	-0.8682600394979176	1
-0.373877857729906	0.9311242914459832	0
-0.4013742423962874	-0.34934912390536765	1
0.17374839779890983	0.03853874369763233	1
0.2822485680786986	-0.5775814317784245	0
0.6609020329936157	0.6186846812820006	1
0.5696156824904473	0.9219051652836989	1
-0.5490180746137239	0.7976024894572513	0
-0.2353816576525254	0.7844940974589198	0
-0.7637880814352525	0.07075920958474469	0
0.8256987425650666	0.4999543759317069	1
-0.4057700756002012	0.911664648955623	0
-0.7287587974480925	0.45756409330866465	0
0.31081319369746985	-0.9146395214994401	0
0.9916285689306936	0.0745783603316954	1
0.971915116274287	-0.5407177635152114	0
0.9544616713464107	0.9895878547503183	1
0.40680407109891914	-0.11909900591019307	0
0.1394445637137378	-0.3759801440233601	0
-0.025924646236538784	0.9234649644402544	0
0.9431978975044992	-0.9683809282542506	0
-0.9139604502085856	0.15353776693374255	0
0.3755478167294748	-0.7328607667989597	0
-0.41912510206432296	0.9179302797766997	0
0.07772047761076606	-0.9510879568494734	0
-0.9625274808795221	-0.37305443416310813	1
-0.22276838000978438	-0.3628405348485415	1
0.7350997463685756	0.8821513050254168	1
0.8034690094700803	0.696717445943789	1
0.6745912058231163	0.02711273598142183	1
-0.0982138371017558	-0.09830587420440384	1
0.43085876582997407	-0.8487206990250293	0
-0.5464710807253603	-0.9974893917813272	1
0.29794236332095125	0.339444980583397	1
0.5962910350789608	-0.06165613422110772	0
0.23064641028669608	-0.4450061139615409	0
-0.8445226363174594	0.705212687220987	0
-0.8363680299470269	-0.03389947265895721	1
0.2713078352694849	0.6697668898797262	1
0.34445049760590507	-0.7703271083990815	0
-0.25120582394036006	-0.7205949072466975	1
-0.4771506237141221	-0.8169301388696892	1
-0.015159619924005163	-0.34463972009407695	1
-0.3859275020390347	0.8881126506116928	0
-0.20774675237569884	-0.6680153167023373	1
0.9382821210241246	-0.05071424594863738	0
0.7248041173167081	0.23448713443412217	1
0.49812788269896147	-0.43390787222238236	0
-0.47247911597424563	-0.759770069668604	1
0.738233273623474	0.7122888897970963	1
0.5177011926040669	0.6047920872862897	1
-0.7113561842332254	-0.5805072938231624	1
0.18733942967498662	0.8218682245309452	1
-0.2617231294040274	0.6624836611471825	0
-0.9533536695271683	0.6258300651703301	0
-0.8799730043438787	-0.9756730116188852	1
-0.33026493530272716	-0.39547169463606546	1
0.09386970038734144	-0.9088685539043748	0
-0.502664325531792	-0.9695783230393562	1
-0.9005340311255672	0.9476685142164756	0
-0.3413634901007552	-0.4542942862571182	1
0.5610644515837864	0.4969040621015677	1
0.6585010603780375	0.6777752558093268	1
0.3681563985599132	0.18946331343158196	1
0.5783703949538814	0.03370836865679161	1
0.858998134375982	0.43604989734996824	1
-0.5183691925414562	0.17851156311758132	0
-0.6116383929070974	-0.4952962989082996	1
0.6181691883308973	0.343044065329269	1
0.43967740264440835	0.10841766456706337	1
-0.19896404775451249	0.873944379939273	0
0.10075439103326866	0.002418851245485243	1
-0.4833671529230976	-0.8260716254876252	1
-0.4375171391397994	-0.9940752053111461	1
0.49460956001035616	0.9169571779132539	1
0.8658468090366318	0.9443467349981529	1
-0.010042283609324132	0.6719454265562732	0
-0.5040991959118233	0.6798723330299821	0
-0.028689278000855856	0.7017900413669884	0
-0.6597137435575433	-0.2446836963902117	1
0.6798686151595601	0.17117098743538683	1
0.10750951575709844	0.4696499734951862	1
0.3065242501536456	-0.18916219139072954	0
0.9192077853673597	-0.9683056638398657	0
-0.33694483130570885	-0.7368515935213225	1
-0.2270171769822702	-0.3477194298171107	1
0.2585164095050718	-0.47096845000424836	0
0.8739584827727687	-0.8242127854946903	0
0.36837347063648407	-0.6285088255455176	0
-0.8342381747819696	0.8447383721654609	0
0.5953802463480711	0.9001584578587991	1
-0.9678551102494515	-0.6934970823315376	1
-0.9879540370127415	0.5173486177150826	0
0.8887068028386969	-0.7485919526843559	0
0.7316491966177221	0.6636853690447502	1
-0.4908679664992739	-0.9337014873664478	1
0.0644325688725258	-0.9316759396160936	0
0.29671012939496366	0.4157188978078461	1
0.20233399482295322	0.12397668488695013	1
-0.9722415991254068	-0.5904963292856826	1
0.804954157411252	-0.03159463284697095	0
0.9589121450859539	-0.44034683486791537	0
-0.37218443533609213	0.40817320649458977	0
-0.3694205214606632	-0.9765089177043369	1
-0.8015931043431452	-0.8569265441597196	1
-0.521246774274704	-0.32384811323127227	1
-0.21771391499461124	-0.21308001779121466	1
0.4591077151106351	-0.7456771615047175	0
0.5600324107192409	0.5115759338380905	1
-0.8496033704133965	0.6919556109253648	0
-0.8903966689728258	0.6261237770987433	0
-0.8796252558873263	0.07495138594715156	0
-0.7904027242497393	-0.06422604543135413	1
0.809013208472543	-0.9333755801858037	0
0.7051013330453395	-0.6667255742874292	0
-0.16657613739348198	-0.275936939544867	1
-0.3264373523045274	-0.9594952176009779	1
0.9558872122937048	0.11816722723989082	1
0.9238554694774583	0.21600949888545862	1
-0.12305013997206049	0.06985830570346208	0
0.3230283790256685	-0.025772390898862296	0
0.603676018188086	0.924195402447171	1
-0.3931615917746534	-0.3090938318654166	1
-0.8449442051430842	0.6282061281045688	0
0.23293174279798268	-0.600227132007314	0
0.3401580137361202	0.8864012164355766	1
0.949431919208735	-0.6993311869512935	0
-0.22114623143740997	-0.42583642482584705	1
-0.7268572081688547	-0.2895383440213817	1
0.061595036118187396	0.9581698958333769	1
-0.603957260306019	-0.528498005479201	1
-0.3503699923586374	0.6502310128126538	0
-0.08637839501675337	0.8944200350344835	0
-0.2971216001567589	0.6980173153357769	0
-0.00014920785425709404	-0.5880912533228879	1
-0.2488380205438976	0.2482512832855659	0
-0.2723859216253106	0.2661187213111065	0
-0.512879557786581	0.23022324797581017	0
-0.9182634862275079	-0.04735208782968625	1
0.2765780387549386	0.9273438789820525	1
-0.11753069192562338	-0.6224021539607665	1
0.5878248013135883	-0.8943192627231928	0
-0.17059382184174088	0.8054140463376982	0
-0.1033158189126846	-0.08415531268968923	1
-0.9890872690758983	0.26790469829983277	0
0.9521142579499868	0.8118143826409141	1
-0.7848389084998375	-0.9385051601067507	1
-0.3001941256429832	-0.1667270433731427	1
-0.35526431728609964	-0.725284112010707	1
-0.4963413111573587	-0.7903532223961571	1
-0.5785561273093531	0.3617548932709669	0
-0.28640584504544897	0.8539389303873979	0
0.31898686894308215	0.1944088973686824	1
0.3171359084231895	0.5061703165607854	1
0.556941636168885	0.7883180274062949	1
0.4344666418634622	0.5225393664435962	1
-0.07377426548460786	-0.8539675805567661	1
-0.2910634449657399	0.6188733249812022	0
-0.03813709319721048	-0.5012003836336913	1
0.4170299781046962	-0.8052419801290809	0
0.4186878164746115	0.33575739699674356	1
0.48558801300345	-0.2101968884188834	0
-0.8152724479110993	0.3485373302950925	0
0.7529504197808914	-0.3667121143057215	0
-0.24488700086805282	-0.766894063470059	1
-0.04558582059268912	-0.5538658403059871	1
-0.28018507784038116	-0.16142709222467566	1
0.8434345452918417	-0.6667138197893332	0
0.15770386277654613	-0.9335151815812328	0
0.2882017792829956	0.7113319587162239	1
0.8445637518457658	0.24835503027012407	1
-0.15328706127495884	0.23564410538680702	0
0.24657248102359364	0.5069800401416324	1
0.9289306051660688	-0.7283553845128863	0
0.6692834628856559	-0.22886820290982057	0
-0.3909289849288544	-0.13479796949336187	1
0.15209108488326906	0.39698327526079913	1
-0.0059845920017758125	0.004413318857615645	0
0.9729489573990227	0.9779644730312138	1
0.11640759631023267	0.11501150423404849	1
-0.5355950778077161	-0.2760805785321909	1
-0.044308764850289784	0.46467705948768345	0
0.5604286999745165	0.08968709275220776	1
-0.15023433399121355	-0.2715617169244371	1
-0.7157991799400176	-0.00689629069987352	1
-0.8896978499257033	-0.4175824846228413	1
0.8434301810764575	-0.7697168451548577	0
-0.513578632513664	-0.015247465779051783	1
0.22970179830398862	-0.22617318396370711	0
0.381526498102843	0.12755667642301627	1
-0.15520310342036492	0.3501420100241317	0
0.48322665429482825	-0.3438605440931932	0
0.8511573374259043	0.8476189901678504	1
0.8002169370041963	-0.6015508713186473	0
0.2595478339170503	-0.5479036209946382	0
0.1724623207905287	-0.3482871073898608	0
-0.8483796764411453	0.1984242933109095	0
-0.27029647940605583	-0.35801291788978107	1
0.04806958825168839	-0.8393068830396144	0
0.14462439427758178	-0.668970569942765	0
0.5786192368356997	0.636808535112888	1
0.29448554889481926	-0.7695447024411453	0
-0.9896690132395258	0.35596116482607454	0
0.6154104265995468	-0.7546074457062526	0
-0.49635078888449913	0.8162128513457716	0
0.8693283725635481	0.40652898514119573	1
0.8981543009819557	-0.9571418580465236	0
0.6985667755245748	-0.9355042448047497	0
-0.592372339691227	0.6921301506053315	0
-0.47940806404943137	0.22644951328072604	0
0.2871525517711868	0.085001189482103	1
-0.38340578186733865	0.30988717881606775	0
0.13592798345537616	-0.8891120702076587	0
0.29629081150953374	-0.3506470403235016	0
0.4938653017283883	0.07188751062717169	1
-0.9554952781983008	-0.5312790083200589	1
-0.3332996755384332	-0.3506240867819177	1
0.4820250784829272	-0.45638984921231285	0
0.393795898722036	-0.08146355365054303	0
-0.6035636592306746	0.3303375015348706	0
0.7891397755615195	0.31384472169637934	1
-0.38275710422037057	0.6517012298510678	0
0.09716572308059734	-0.06519388341493393	0
0.9421139727178429	-0.5694649527152285	0
0.2809416552690309	-0.44926979871404193	0
0.5172533375910484	-0.24971050921986038	0
-0.6330350034618051	-0.6942452894539808	1
-0.8515652150798503	-0.3380679102781994	1
0.10569609699165183	0.3082005463430584	1
-0.3894836117850189	-0.5011546821764665	1
-0.025640706806206115	0.9727241710283627	0
-0.680062752485459	-0.18037544924329718	1
0.2123731529398616	0.8492114359738285	1
0.18174609352167037	0.09233333975809765	1
0.6030163934110553	-0.0030729331445114028	0
0.9771398274844745	0.517957000057629	1
0.7136434932753433	-0.3188434098756785	0
0.4895541969371773	-0.9695098448557604	0
0.37542077472226776	0.5209343858104032	1
-0.7851968817097676	-0.3354113499841662	1
0.27495320459865646	-0.9351115887523953	0
-0.04421436037436588	0.7208587415604621	0
-0.6268957469601646	0.6819077515027225	0
-0.3196222942723337	-0.4357013382459958	1
0.12070690561678044	-0.174003479119325	0
0.31169027125698245	-0.1543507842546672	0
0.9498246063819875	0.46364091746015523	1
0.11451872020970155	-0.3181673868084627	0
0.2549415182825878	-0.9140470372524685	0
0.8225676529615922	0.8400938758290302	1
0.923322660442657	0.8768119499143645	1
0.12747891915078569	-0.47461311904912984	0
0.2327076306495104	-0.6814771903279311	0
-0.7938252489770148	-0.6043885673175429	1
0.05622688171849477	-0.366564287342777	0
-0.4737554863243041	0.4908082444821902	0
-0.07697111319320227	-0.9936657454170919	1
0.6865940483586073	0.8176202009168874	1
-0.5534857614549842	-0.7061030418422394	1
-0.8551576592982642	-0.022470108316630988	1
-0.09305119503423342	-0.7625140388726412	1
-0.6410503852766225	0.5581705128547259	0
0.9271196998392512	0.7213631352229586	1
-0.47749176307766317	0.5369690686701876	0
0.14919876568419377	-0.3624674671755479	0
-0.11803978222782963	-0.9619692153622985	1
-0.21060357308440425	-0.7315263974615183	1
0.04725002174627724	-0.21942882854268553	0
-0.9940383552703473	0.9007555513973307	0
-0.18644225635448786	-0.4910056922452479	1
-0.36055878844270617	-0.2881911868173421	1
0.6406797299415234	-0.7402528946386517	0
-0.8274783129838663	0.6813153694662433	0
0.09337120206944993	-0.4185294340535741	0
0.409231289329564	0.7723991797945957	1
0.29491979879334673	-0.30871511418280484	0
-0.617207532739896	-0.748098385263837	1
-0.6642044462443373	-0.7299796765720035	1
0.23972762656845137	-0.4535323022066058	0
0.42561966007427476	-0.7342103024094888	0
0.9741391819922096	0.365611445758796	1
-0.5249595696394422	0.41121602236237975	0
-0.6036556455703799	0.0315965790196473	0
0.42445855162909085	-0.9669756059410493	0
0.26362892004337635	-0.11224264922842986	0
0.18457641986380136	-0.5620629052782606	0
0.7339731745531064	0.7215744578163761	1
0.06102509866761019	0.6372311813212304	1
-0.41801165913076344	0.6680945885974154	0
-0.1513183317138509	-0.33196513427345997	1
-0.13084470058010145	0.9805905508922323	0
0.172946545485408	0.9047641909046202	1
0.29229073312578757	0.9940457499844331	1
0.5121241640334975	0.6109658905834054	1
0.1419873914688834	-0.7673061910691787	0
-0.7941869382480007	-0.5323794371072987	1
-0.9245542974107879	-0.37516131954344756	1
-0.3703640432950768	-0.36625398965558476	1
0.768013758438371	0.3743732298445226	1
0.651949746642559	0.9060365986203422	1
-0.7932427791752212	-0.7662020077885814	1
0.05496757615586989	-0.7092466975830762	0
-0.020642600959210222	-0.8591108106456657	1
0.2870992859009227	0.6919863764812264	1
-0.5517911608632866	0.05457762417624257	0
0.5835734177857175	0.2550576001567231	1
-0.1810970673684411	0.48742274343392955	0
-0.16944114857436698	-0.3741950487078971	1
0.4965721659391862	-0.40343929423611646	0
-0.7963223953432335	-0.03308855855333093	1
0.918111631937991	-0.991624632399781	0
0.430582475241962	0.21833680720914383	1
0.14519027619266645	0.5158526869322202	1
-0.44734493407165643	-0.2008680218770167	1
0.20950431174852624	0.11134061191181122	1
-0.9892359000997477	-0.5356299792452426	1
-0.8510009942768155	-0.19758033670590391	1
-0.9387036562526574	-0.7247296427802428	1
-0.6508967159740422	0.8377394760764263	0
0.13054955365758603	0.17683149031639855	1
-0.6220035162248265	-0.3674987260087834	1
0.8895098223758884	0.8226730119796313	1
0.11953872409292554	-0.9248435662710885	0
-0.18224484100013005	-0.8135342349948067	1
-0.7734396044968608	-0.6003736670251283	1
-0.4327965224548378	-0.08151196274923977	1
0.5000691083730973	-0.7908154434969223	0
-0.09345929199208403	0.9138202391768322	0
0.7278868673170176	-0.04695518514818797	0
-0.08041348544660964	0.17537689714172888	0
-0.4100027754394804	0.18332114176830427	0
0.9970437189274899	-0.036042479052857734	0
-0.691512394652932	0.6956714705157911	0
0.9254437775453714	0.6675412962671805	1
-0.03171981418302128	0.27138275067347806	0
-0.12215768514386549	-0.8441196381189668	1
0.6263551897139936	-0.7458146942540018	0
-0.05659561237495847	0.8278882422067257	0
0.34101623141904747	-0.9496209001940339	0
0.6201861393215484	-0.9769245246418581	0
0.8454702636914084	-0.9602849498474628	0
0.3440877132084761	0.5728781562860497	1
-0.6900607115807302	-0.6660176909706683	1
0.16719889098228724	0.7433072979338975	1
-0.24655112115013078	0.9167383371356537	0
0.7739154516832094	0.8656858716960796	1
-0.8954933526288744	0.7514062083819741	0
0.2734607656286383	-0.7422506726921847	0
-0.2963324862935457	0.23314715961612453	0
0.31469699637007986	0.5193525231958538	1
-0.3442197375656475	0.07713606866019984	0
0.8772772637869373	-0.5659591202228043	0
-0.8575678723062821	-0.6253484060432049	1
0.7828976031618309	-0.48108405244263297	0
0.7671165048124593	-0.5225500853124512	0
0.4261382229010633	-0.720671953722948	0
0.16669466517097598	0.39377608672403297	1
-0.018158841254036107	0.6828268475486483	0
0.4210209465982102	-0.039629179585338514	0
-0.8965051183243335	0.016895955958753595	0
0.4124199086781377	-0.8125765924060935	0
-0.09921152583053017	-0.3289761321443909	1
0.5940038677699517	0.6731636341977592	1
0.8967543508847649	-0.6381253554483937	0
0.8047912055799973	0.6648712445418292	1
0.4808146742133588	-0.24548912524188649	0
0.6610470288708234	-0.7452557373503974	0
0.03811656350076209	0.8489854562134336	1
-0.8155834598647593	0.9640551327647306	0
-0.729326878193203	0.25347405641387777	0
-0.5570469478620885	0.9392124744302572	0
-0.23012551610395926	0.4661749267232469	0
0.289930668007071	-0.3208075890450006	0
0.2693625779206077	0.478712102280914	1
0.9729545978841183	0.1184556169191251	1
-0.05731864162443956	-0.23798625188209876	1
0.10110571952206371	-0.41364563890295925	0
0.6798694558834206	-0.4695647091820334	0
0.17156240198979256	-0.8323608498347603	0
0.4671116889768052	-0.5215160705958488	0
-0.566104888863268	-0.37435512833712714	1
-0.5942389098803724	-0.9775812070575953	1
0.22018996568539628	-0.4406487373989807	0
0.25435953202969297	-0.32650285725886974	0
0.5473241923233123	-0.5100405141607742	0
0.15719638056422558	-0.6634159534830188	0
0.50524750807929	-0.47660179077588327	0
-0.0022284531692575715	0.2929554317488645	0
-0.2768699974852826	0.7309602764035861	0
0.12828491057717617	-0.6072191896220396	0
0.6666703829126115	0.901103475794675	1
0.8631515118837116	0.43508162885539203	1
0.8123754675407682	0.43785989209932685	1
-0.7014634510580331	-0.357872065735104	1
0.08944583717265653	-0.9268909316391647	0
-0.5098746567785966	0.5434931120595878	0
0.4866538358375112	0.28737515209005204	1
-0.5211254206537608	-0.3017746302807909	1
0.5394362704576356	0.1366460203615838	1
0.16262703585934246	-0.18260845903888523	0
0.27883252636816525	0.6819079184830179	1
-0.8433770526379305	0.9980310873066391	0
0.6945348339229984	-0.8574960588153728	0
-0.6115913041381402	-0.19651632504947036	1
0.6686840496156987	0.4591380568682595	1
-0.2780563265027767	-0.729475152314178	1
0.3396790946929038	-0.7068258912063601	0
0.93910670639556	-0.631238278075887	0
-0.9543578175328638	-0.21229102267133193	1
-0.3527621383226285	0.5126684404305644	0
0.8530660685381979	-0.19479858816018814	0
0.5952926182860034	0.032224664590713825	1
-0.798141777216977	0.2803170421418981	0
-0.08811889908607196	-0.8504556478513512	1
-0.818233948465241	0.4173147542390947	0
-0.32738430018851017	-0.13895193402404193	1
0.7891389112168856	-0.5663988356086702	0
0.08100381770606857	0.3291590785758727	1
-0.3007998189508354	0.5291153571789404	0
0.25280873696707173	0.33064910853539686	1
0.518236725331302	-0.5918552749166353	0
0.16861036441186283	0.12694465567982083	1
0.5449296292003398	-0.03619912282220761	0
0.17529778894569037	0.11106813694340412	1
0.3608804284219438	0.5110998778288223	1
0.09619567286650921	-0.44090945761273903	0
-0.3225125007079763	0.8745791349056626	0
0.2117163662067989	-0.5449483587694408	0
0.5638931359353885	0.02717454473677061	1
-0.5942619044287687	-0.28735059258037965	1
0.6736694775495786	0.29591659831986883	1
-0.7681727417573085	-0.021529102847753112	1
0.6337229743751374	-0.13954534537836016	0
0.06849570719796727	-0.1672867067287398	0
0.6586916892495231	0.06669848928873123	1
-0.45244745191621916	0.552383029528791	0
-0.26428785089268736	0.2611874362400719	0
0.12297145527125286	-0.059401106683729665	0
-0.4844849656747039	-0.27890511717938393	1
-0.5203514359365102	0.27715568639150256	0
-0.5366970275990268	0.05372378736490724	0
-0.627410946843826	-0.16728489141420044	1
-0.9750864369665035	-0.2231270167162629	1
-0.5766266747121174	0.41338411149800747	0
0.9517921789823425	-0.3471778151808269	0
-0.5871099684078396	0.9684574051283095	0
0.7696100140081918	-0.00782667459306774	0
0.5783620123259188	-0.6836748597763387	0
0.5305171032898537	-0.6882089109668776	0
0.405959807336123	0.5671152385942022	1
-0.02729379952181965	0.5751084035972704	0
0.5085186913564828	0.10337311699581564	1
0.25140879832112484	0.5378864208849339	1
-0.3843684402074852	-0.4953460149499176	1
-0.2050530610814656	-0.11880944359729728	1
0.47298017407696746	0.18280868293841968	1
-0.7749079901904852	0.11922373673692443	0
0.49953055558226644	0.7455728391533094	1
0.10382013662732414	-0.6818916652340192	0
-0.8039846569156599	-0.310233289756328	1
0.4265583735134497	0.5576757560595842	1
0.17656370387368203	-0.9728572837775458	0
-0.08518151868405832	0.2616009693678314	0
0.5469917416816024	-0.869043622442544	0
-0.9330473727198492	0.6176135604632544	0
0.002426804883719713	0.09587819235993722	1
0.4690795033924582	0.35332009360581895	1
-0.8679963393564416	-0.13129823387850847	1
-0.34148166529479984	0.6499013712217112	0
-0.8212115125370363	0.8268065710057257	0
0.5929477480587866	0.5547949487897514	1
0.1371578016663404	0.14836537709531505	1
0.1071863453081956	-0.961418860823112	0
0.21399607656150632	0.6445592297788234	1
-0.5150285950903133	0.6606535179171404	0
0.34448544067041653	0.7272094886818652	1
-0.04630061407097408	-0.4561922054048706	1
0.9874112443562748	-0.26508671577394427	0
0.27976232504475407	-0.7776990779809687	0
-0.19615814265231535	0.8500600082747367	0
-0.09491642929537303	-0.404294892836808	1
0.8314811238359732	-0.9076520728313835	0
-0.32929716355436356	0.3206581792418641	0
0.16500805434569998	-0.4862328173919328	0
0.32278169126998235	0.10877443492342076	1
-0.27157195591904215	0.20067486350377473	0
-0.8400319565559025	-0.20220034875751347	1
0.38608015016606867	0.6617125244942836	1
-0.7862861913731483	0.13294371262403182	0
-0.5424021310941896	-0.8246679697904631	1
